   0.0000000000000000        0.0000000000000000        0.0000000000000000     
   0.0000000000000000        7.4978344954410331E-002   0.0000000000000000     
   0.0000000000000000       0.13646838025738883        0.0000000000000000     
   0.0000000000000000       0.17340829016535847        0.0000000000000000     
   0.0000000000000000       0.17915273003063931        0.0000000000000000     
   0.0000000000000000       0.15266829769259352        0.0000000000000000     
   0.0000000000000000        9.8719438465867157E-002   0.0000000000000000     
   0.0000000000000000        2.7011340148804470E-002   0.0000000000000000     
   0.0000000000000000       -4.9555992127726885E-002   0.0000000000000000     
   0.0000000000000000      -0.11720839613651472        0.0000000000000000     
   0.0000000000000000      -0.16377547021706437        0.0000000000000000     
   0.0000000000000000      -0.18087998071422468        0.0000000000000000     
   0.0000000000000000      -0.16544489339681670        0.0000000000000000     
   0.0000000000000000      -0.12024691982550073        0.0000000000000000     
   0.0000000000000000       -5.3416997853303907E-002   0.0000000000000000     
   0.0000000000000000        2.3022432145954945E-002   0.0000000000000000     
   0.0000000000000000        9.5320217062189697E-002   0.0000000000000000     
   0.0000000000000000       0.15047026946234571        0.0000000000000000     
   0.0000000000000000       0.17855131161592225        0.0000000000000000     
   0.0000000000000000       0.17451167437587886        0.0000000000000000     
   0.0000000000000000       0.13907807260910535        0.0000000000000000     
   0.0000000000000000        7.8624872047285535E-002   0.0000000000000000     
   0.0000000000000000        4.0273659380062887E-003   0.0000000000000000     
   0.0000000000000000       -7.1294647479142825E-002   0.0000000000000000     
   0.0000000000000000      -0.13379103394662978        0.0000000000000000     
   0.0000000000000000      -0.17221893910055022        0.0000000000000000     
   0.0000000000000000      -0.17966533379512756        0.0000000000000000     
   0.0000000000000000      -0.15479064088327604        0.0000000000000000     
   0.0000000000000000      -0.10206971988187802        0.0000000000000000     
   0.0000000000000000       -3.0986857327371664E-002   0.0000000000000000     
   0.0000000000000000        4.5670419106374940E-002   0.0000000000000000     
   0.0000000000000000       0.11411176659167629        0.0000000000000000     
   0.0000000000000000       0.16202485563653971        0.0000000000000000     
   0.0000000000000000       0.18079030978251309        0.0000000000000000     
   0.0000000000000000       0.16703229756219695        0.0000000000000000     
   0.0000000000000000       0.12322583131586955        0.0000000000000000     
   0.0000000000000000        5.7251522196320855E-002   0.0000000000000000     
   0.0000000000000000       -1.9022110812936796E-002   0.0000000000000000     
   0.0000000000000000       -9.1873740828866846E-002   0.0000000000000000     
   0.0000000000000000      -0.14819764586115469        0.0000000000000000     
   0.0000000000000000      -0.17786137670309576        0.0000000000000000     
   0.0000000000000000      -0.17552854473133336        0.0000000000000000     
   0.0000000000000000      -0.14161881725139450        0.0000000000000000     
   0.0000000000000000       -8.2232420998387679E-002   0.0000000000000000     
   0.0000000000000000       -8.0527353164453717E-003   0.0000000000000000     
   0.0000000000000000        6.7575605808015429E-002   0.0000000000000000     
   0.0000000000000000       0.13104736096654407        0.0000000000000000     
   0.0000000000000000       0.17094421080014888        0.0000000000000000     
   0.0000000000000000       0.18008886878697411        0.0000000000000000     
   0.0000000000000000       0.15683624688649639        0.0000000000000000     
   0.0000000000000000       0.10536940041411394        0.0000000000000000     
   0.0000000000000000        3.4947012826020633E-002   0.0000000000000000     
   0.0000000000000000       -4.1762205055226514E-002   0.0000000000000000     
   0.0000000000000000      -0.11095856633962567        0.0000000000000000     
   0.0000000000000000      -0.16019391751933626        0.0000000000000000     
   0.0000000000000000      -0.18061101237329638        0.0000000000000000     
   0.0000000000000000      -0.16853689576038738        0.0000000000000000     
   0.0000000000000000      -0.12614365381749904        0.0000000000000000     
   0.0000000000000000       -6.1057664198091541E-002   0.0000000000000000     
   0.0000000000000000        1.5012359302001897E-002   0.0000000000000000     
   0.0000000000000000        8.8381718350418303E-002   0.0000000000000000     
   0.0000000000000000       0.14585155353816628        0.0000000000000000     
   0.0000000000000000       0.17708326732617732        0.0000000000000000     
   0.0000000000000000       0.17645839712003525        0.0000000000000000     
   0.0000000000000000       0.14408935461457706        0.0000000000000000     
   0.0000000000000000        8.5799203371681204E-002   0.0000000000000000     
   0.0000000000000000        1.2074112565541020E-002   0.0000000000000000     
   0.0000000000000000       -6.3823063649383338E-002   0.0000000000000000     
   0.0000000000000000      -0.12823872148817705        0.0000000000000000     
   0.0000000000000000      -0.16958473720846318        0.0000000000000000     
   0.0000000000000000      -0.18042312503945307        0.0000000000000000     
   0.0000000000000000      -0.15880410159668296        0.0000000000000000     
   0.0000000000000000      -0.10861684425176532        0.0000000000000000     
   0.0000000000000000       -3.8889843404640974E-002   0.0000000000000000     
   0.0000000000000000        3.7833287464510965E-002   0.0000000000000000     
   0.0000000000000000       0.10775035857383165        0.0000000000000000     
   0.0000000000000000       0.15828356354979936        0.0000000000000000     
   0.0000000000000000       0.18034217737294919        0.0000000000000000     
   0.0000000000000000       0.16995794208948245        0.0000000000000000     
   0.0000000000000000       0.12899894082502547        0.0000000000000000     
   0.0000000000000000        6.4833536970425362E-002   0.0000000000000000     
   0.0000000000000000       -1.0995165440396224E-002   0.0000000000000000     
   0.0000000000000000       -8.4845880790834424E-002   0.0000000000000000     
   0.0000000000000000      -0.14343315556451541        0.0000000000000000     
   0.0000000000000000      -0.17621736923151915        0.0000000000000000     
   0.0000000000000000      -0.17730077056930099        0.0000000000000000     
   0.0000000000000000      -0.14648845993410831        0.0000000000000000     
   0.0000000000000000       -8.9323450941089413E-002   0.0000000000000000     
   0.0000000000000000       -1.6089504094608027E-002   0.0000000000000000     
   0.0000000000000000        6.0038881319409224E-002   0.0000000000000000     
   0.0000000000000000       0.12536650788960083        0.0000000000000000     
   0.0000000000000000       0.16814119228213051        0.0000000000000000     
   0.0000000000000000       0.18066793684561611        0.0000000000000000     
   0.0000000000000000       0.16069322945333064        0.0000000000000000     
   0.0000000000000000       0.11181044148027193        0.0000000000000000     
   0.0000000000000000        4.2813394411921016E-002   0.0000000000000000     
   0.0000000000000000       -3.3885614088200650E-002   0.0000000000000000     
   0.0000000000000000      -0.10448873375764087        0.0000000000000000     
   0.0000000000000000      -0.15629474078254310        0.0000000000000000     
   0.0000000000000000      -0.17998393805594914        0.0000000000000000     
   0.0000000000000000      -0.17129473206826845        0.0000000000000000     
   0.0000000000000000      -0.13179027683494610        0.0000000000000000     
   0.0000000000000000       -6.8577268631048849E-002   0.0000000000000000     
   0.0000000000000000        6.9725207448979865E-003   0.0000000000000000     
   0.0000000000000000        8.1267981035354861E-002   0.0000000000000000     
   0.0000000000000000       0.14094365085673607        0.0000000000000000     
   0.0000000000000000       0.17526411168657599        0.0000000000000000     
   0.0000000000000000       0.17805524747397761        0.0000000000000000     
   0.0000000000000000       0.14881494385775362        0.0000000000000000     
   0.0000000000000000        9.2803416567089861E-002   0.0000000000000000     
   0.0000000000000000        2.0096919280371321E-002   0.0000000000000000     
   0.0000000000000000       -5.6224934819815178E-002   0.0000000000000000     
   0.0000000000000000      -0.12243214406564593        0.0000000000000000     
   0.0000000000000000      -0.16661429165600458        0.0000000000000000     
   0.0000000000000000      -0.18082318284044185        0.0000000000000000     
   0.0000000000000000      -0.16250269392463346        0.0000000000000000     
   0.0000000000000000      -0.11494860887943525        0.0000000000000000     
   0.0000000000000000       -4.6715720754362630E-002   0.0000000000000000     
   0.0000000000000000        2.9921141978415694E-002   0.0000000000000000     
   0.0000000000000000       0.10117530883580865        0.0000000000000000     
   0.0000000000000000       0.15422843517294990        0.0000000000000000     
   0.0000000000000000       0.17953647201880649        0.0000000000000000     
   0.0000000000000000       0.17254660298546906        0.0000000000000000     
   0.0000000000000000       0.13451627804735272        0.0000000000000000     
   0.0000000000000000        7.2287003231588168E-002   0.0000000000000000     
   0.0000000000000000       -2.9464194345266235E-003   0.0000000000000000     
   0.0000000000000000       -7.7649792821478783E-002   0.0000000000000000     
   0.0000000000000000      -0.13838427358240046        0.0000000000000000     
   0.0000000000000000      -0.17422396726709610        0.0000000000000000     
   0.0000000000000000      -0.17872145380346921        0.0000000000000000     
   0.0000000000000000      -0.15106765303520756        0.0000000000000000     
   0.0000000000000000       -9.6237375062855707E-002   0.0000000000000000     
   0.0000000000000000       -2.4094371453814201E-002   0.0000000000000000     
   0.0000000000000000        5.2383114907857721E-002   0.0000000000000000     
   0.0000000000000000       0.11943708472200737        0.0000000000000000     
   0.0000000000000000       0.16500479228838025        0.0000000000000000     
   0.0000000000000000       0.18088878606100198        0.0000000000000000     
   0.0000000000000000       0.16423159797176826        0.0000000000000000     
   0.0000000000000000       0.11802979070829694        0.0000000000000000     
   0.0000000000000000        5.0594887860557818E-002   0.0000000000000000     
   0.0000000000000000       -2.5941836515218791E-002   0.0000000000000000     
   0.0000000000000000       -9.7811726432901508E-002   0.0000000000000000     
   0.0000000000000000      -0.15208567108838478        0.0000000000000000     
   0.0000000000000000      -0.17900000109202074        0.0000000000000000     
   0.0000000000000000      -0.17371293422828307        0.0000000000000000     
   0.0000000000000000      -0.13717559305194782        0.0000000000000000     
   0.0000000000000000       -7.5960901677652029E-002   0.0000000000000000     
   0.0000000000000000       -1.0811425580876145E-003   0.0000000000000000     
   0.0000000000000000        7.3993109859637668E-002   0.0000000000000000     
   0.0000000000000000       0.13575629254828248        0.0000000000000000     
   0.0000000000000000       0.17309745162284257        0.0000000000000000     
   0.0000000000000000       0.17929905928716172        0.0000000000000000     
   0.0000000000000000       0.15324547068986463        0.0000000000000000     
   0.0000000000000000        9.9623624049513373E-002   0.0000000000000000     
   0.0000000000000000        2.8079878885065329E-002   0.0000000000000000     
   0.0000000000000000       -4.8515326158988722E-002   0.0000000000000000     
   0.0000000000000000      -0.11638281465407729        0.0000000000000000     
   0.0000000000000000      -0.16331349208573290        0.0000000000000000     
   0.0000000000000000      -0.18086471398461534        0.0000000000000000     
   0.0000000000000000      -0.16587908449360000        0.0000000000000000     
   0.0000000000000000      -0.12105245947639454        0.0000000000000000     
   0.0000000000000000       -5.4448972640249060E-002   0.0000000000000000     
   0.0000000000000000        2.1949670432281417E-002   0.0000000000000000     
   0.0000000000000000        9.4399654038968689E-002   0.0000000000000000     
   0.0000000000000000       0.14986751080036675        0.0000000000000000     
   0.0000000000000000       0.17837479123010835        0.0000000000000000     
   0.0000000000000000       0.17479314759005182        0.0000000000000000     
   0.0000000000000000       0.13976690349800358        0.0000000000000000     
   0.0000000000000000        7.9597142640559337E-002   0.0000000000000000     
   0.0000000000000000        5.1081685761836838E-003   0.0000000000000000     
   0.0000000000000000       -7.0299744943966486E-002   0.0000000000000000     
   0.0000000000000000      -0.13306101057134900        0.0000000000000000     
   0.0000000000000000      -0.17188512322196089        0.0000000000000000     
   0.0000000000000000      -0.17978777757815428        0.0000000000000000     
   0.0000000000000000      -0.15534731717246000        0.0000000000000000     
   0.0000000000000000      -0.10296048480009458        0.0000000000000000     
   0.0000000000000000       -3.2051465765838512E-002   0.0000000000000000     
   0.0000000000000000        4.4623486022664971E-002   0.0000000000000000     
   0.0000000000000000       0.11327084801085983        0.0000000000000000     
   0.0000000000000000       0.16154122950715766        0.0000000000000000     
   0.0000000000000000       0.18075097854497132        0.0000000000000000     
   0.0000000000000000       0.16744433675158843        0.0000000000000000     
   0.0000000000000000       0.12401511670101237        0.0000000000000000     
   0.0000000000000000        5.8276064437698005E-002   0.0000000000000000     
   0.0000000000000000       -1.7946622838904660E-002   0.0000000000000000     
   0.0000000000000000       -9.0940783182887092E-002   0.0000000000000000     
   0.0000000000000000      -0.14757505395795004        0.0000000000000000     
   0.0000000000000000      -0.17766115237975671        0.0000000000000000     
   0.0000000000000000      -0.17578670755690468        0.0000000000000000     
   0.0000000000000000      -0.14228892474793253        0.0000000000000000     
   0.0000000000000000       -8.3193923460260139E-002   0.0000000000000000     
   0.0000000000000000       -9.1326622287091017E-003   0.0000000000000000     
   0.0000000000000000        6.6571529053614117E-002   0.0000000000000000     
   0.0000000000000000       0.13029976383289080        0.0000000000000000     
   0.0000000000000000       0.17058758307411967        0.0000000000000000     
   0.0000000000000000       0.18018736639521543        0.0000000000000000     
   0.0000000000000000       0.15737215049630368        0.0000000000000000     
   0.0000000000000000       0.10624630307176215        0.0000000000000000     
   0.0000000000000000        3.6007163188935931E-002   0.0000000000000000     
   0.0000000000000000       -4.0709523871776308E-002   0.0000000000000000     
   0.0000000000000000      -0.11010272754433495        0.0000000000000000     
   0.0000000000000000      -0.15968888314870514        0.0000000000000000     
   0.0000000000000000      -0.18054763612621394        0.0000000000000000     
   0.0000000000000000      -0.16892657877468500        0.0000000000000000     
   0.0000000000000000      -0.12691629365005203        0.0000000000000000     
   0.0000000000000000       -6.2074265978889875E-002   0.0000000000000000     
   0.0000000000000000        1.3934678238879191E-002   0.0000000000000000     
   0.0000000000000000        8.7436828593788860E-002   0.0000000000000000     
   0.0000000000000000       0.14520943704257488        0.0000000000000000     
   0.0000000000000000       0.17685943832616854        0.0000000000000000     
   0.0000000000000000       0.17669312157323894        0.0000000000000000     
   0.0000000000000000       0.14474040651414419        0.0000000000000000     
   0.0000000000000000        8.6749461039001052E-002   0.0000000000000000     
   0.0000000000000000        1.3152628380027259E-002   0.0000000000000000     
   0.0000000000000000       -6.2810310445038722E-002   0.0000000000000000     
   0.0000000000000000      -0.12747392121611290        0.0000000000000000     
   0.0000000000000000      -0.16920547443256090        0.0000000000000000     
   0.0000000000000000      -0.18049762764289337        0.0000000000000000     
   0.0000000000000000      -0.15931896685384350        0.0000000000000000     
   0.0000000000000000      -0.10947944992589803        0.0000000000000000     
   0.0000000000000000       -3.9945010124330563E-002   0.0000000000000000     
   0.0000000000000000        3.6775380046162154E-002   0.0000000000000000     
   0.0000000000000000       0.10688002384464131        0.0000000000000000     
   0.0000000000000000       0.15775737130781853        0.0000000000000000     
   0.0000000000000000       0.18025478753498897        0.0000000000000000     
   0.0000000000000000       0.17032507574401864        0.0000000000000000     
   0.0000000000000000       0.12975455207015324        0.0000000000000000     
   0.0000000000000000        6.5841694312103544E-002   0.0000000000000000     
   0.0000000000000000       -9.9158255466708853E-003   0.0000000000000000     
   0.0000000000000000       -8.3889527350987078E-002   0.0000000000000000     
   0.0000000000000000      -0.14277183280465849        0.0000000000000000     
   0.0000000000000000      -0.17597004651767312        0.0000000000000000     
   0.0000000000000000      -0.17751194028590320        0.0000000000000000     
   0.0000000000000000      -0.14712013347887273        0.0000000000000000     
   0.0000000000000000       -9.0261992725292672E-002   0.0000000000000000     
   0.0000000000000000       -1.7166074139002268E-002   0.0000000000000000     
   0.0000000000000000        5.9017953735737809E-002   0.0000000000000000     
   0.0000000000000000       0.12458488362751309        0.0000000000000000     
   0.0000000000000000       0.16773948247520803        0.0000000000000000     
   0.0000000000000000       0.18071840750972099        0.0000000000000000     
   0.0000000000000000       0.16118680111430037        0.0000000000000000     
   0.0000000000000000       0.11265832253564609        0.0000000000000000     
   0.0000000000000000        4.3863054391342825E-002   0.0000000000000000     
   0.0000000000000000       -3.2823004890691829E-002   0.0000000000000000     
   0.0000000000000000      -0.10360433456145930        0.0000000000000000     
   0.0000000000000000      -0.15574765152808931        0.0000000000000000     
   0.0000000000000000      -0.17987257795046932        0.0000000000000000     
   0.0000000000000000      -0.17163913435718087        0.0000000000000000     
   0.0000000000000000      -0.13252848489970528        0.0000000000000000     
   0.0000000000000000       -6.9576481741381146E-002   0.0000000000000000     
   0.0000000000000000        5.8920571014204979E-003   0.0000000000000000     
   0.0000000000000000        8.0300638022822293E-002   0.0000000000000000     
   0.0000000000000000       0.14026344968220658        0.0000000000000000     
   0.0000000000000000       0.17499341786869235        0.0000000000000000     
   0.0000000000000000       0.17824275776696349        0.0000000000000000     
   0.0000000000000000       0.14942692589666870        0.0000000000000000     
   0.0000000000000000        9.3729777187740920E-002   0.0000000000000000     
   0.0000000000000000        2.1171009846971171E-002   0.0000000000000000     
   0.0000000000000000       -5.5196338979867539E-002   0.0000000000000000     
   0.0000000000000000      -0.12163408330238520        0.0000000000000000     
   0.0000000000000000      -0.16619033396499089        0.0000000000000000     
   0.0000000000000000      -0.18084959654446861        0.0000000000000000     
   0.0000000000000000      -0.16297472730213131        0.0000000000000000     
   0.0000000000000000      -0.11578134498051187        0.0000000000000000     
   0.0000000000000000       -4.7759353626431612E-002   0.0000000000000000     
   0.0000000000000000        2.8854357788384001E-002   0.0000000000000000     
   0.0000000000000000       0.10027728361197895        0.0000000000000000     
   0.0000000000000000       0.15366072012455703        0.0000000000000000     
   0.0000000000000000       0.17940119685238312        0.0000000000000000     
   0.0000000000000000       0.17286810317192985        0.0000000000000000     
   0.0000000000000000       0.13523671696639600        0.0000000000000000     
   0.0000000000000000        7.3276776752435810E-002   0.0000000000000000     
   0.0000000000000000       -1.8653676792443983E-003   0.0000000000000000     
   0.0000000000000000       -7.6671939794854940E-002   0.0000000000000000     
   0.0000000000000000      -0.13768553120173208        0.0000000000000000     
   0.0000000000000000      -0.17393003654115796        0.0000000000000000     
   0.0000000000000000      -0.17888521171494123        0.0000000000000000     
   0.0000000000000000      -0.15165964017925559        0.0000000000000000     
   0.0000000000000000       -9.7151095278308938E-002   0.0000000000000000     
   0.0000000000000000       -2.5165450064113682E-002   0.0000000000000000     
   0.0000000000000000        5.1347360736209172E-002   0.0000000000000000     
   0.0000000000000000       0.11862298309479087        0.0000000000000000     
   0.0000000000000000       0.16455879688955355        0.0000000000000000     
   0.0000000000000000       0.18089112971040322        0.0000000000000000     
   0.0000000000000000       0.16468185905607885        0.0000000000000000     
   0.0000000000000000       0.11884696902762099        0.0000000000000000     
   0.0000000000000000        5.1631976246116359E-002   0.0000000000000000     
   0.0000000000000000       -2.4871406189046853E-002   0.0000000000000000     
   0.0000000000000000       -9.6900520375846066E-002   0.0000000000000000     
   0.0000000000000000      -0.15149761168978765        0.0000000000000000     
   0.0000000000000000      -0.17884087792707909        0.0000000000000000     
   0.0000000000000000      -0.17401137292914112        0.0000000000000000     
   0.0000000000000000      -0.13787790566895033        0.0000000000000000     
   0.0000000000000000       -7.6940744930535931E-002   0.0000000000000000     
   0.0000000000000000       -2.1622464956716613E-003   0.0000000000000000     
   0.0000000000000000        7.3005231587837505E-002   0.0000000000000000     
   0.0000000000000000       0.13503935536177916        0.0000000000000000     
   0.0000000000000000       0.17278042970448931        0.0000000000000000     
   0.0000000000000000       0.17943898363442373        0.0000000000000000     
   0.0000000000000000       0.15381716946246199        0.0000000000000000     
   0.0000000000000000       0.10052425088458190        0.0000000000000000     
   0.0000000000000000        2.9147414553730620E-002   0.0000000000000000     
   0.0000000000000000       -4.7472927128944825E-002   0.0000000000000000     
   0.0000000000000000      -0.11555307575235216        0.0000000000000000     
   0.0000000000000000      -0.16284568008052624        0.0000000000000000     
   0.0000000000000000      -0.18084298641753097        0.0000000000000000     
   0.0000000000000000      -0.16630735006858413        0.0000000000000000     
   0.0000000000000000      -0.12185367489925407        0.0000000000000000     
   0.0000000000000000       -5.5479002404557401E-002   0.0000000000000000     
   0.0000000000000000        2.0876124633917290E-002   0.0000000000000000     
   0.0000000000000000        9.3475718877484681E-002   0.0000000000000000     
   0.0000000000000000       0.14925939858097603        0.0000000000000000     
   0.0000000000000000       0.17819189895167706        0.0000000000000000     
   0.0000000000000000       0.17506837685484705        0.0000000000000000     
   0.0000000000000000       0.14045074164272300        0.0000000000000000     
   0.0000000000000000        8.0566569869913465E-002   0.0000000000000000     
   0.0000000000000000        6.1887887406975074E-003   0.0000000000000000     
   0.0000000000000000       -6.9302331165902495E-002   0.0000000000000000     
   0.0000000000000000      -0.13232623399935767        0.0000000000000000     
   0.0000000000000000      -0.17154516727425001        0.0000000000000000     
   0.0000000000000000      -0.17990379899395781        0.0000000000000000     
   0.0000000000000000      -0.15589844415494769        0.0000000000000000     
   0.0000000000000000      -0.10384757177061205        0.0000000000000000     
   0.0000000000000000       -3.3114929263943077E-002   0.0000000000000000     
   0.0000000000000000        4.3574958901708018E-002   0.0000000000000000     
   0.0000000000000000       0.11242588317622457        0.0000000000000000     
   0.0000000000000000       0.16105183281254837        0.0000000000000000     
   0.0000000000000000       0.18070519053280454        0.0000000000000000     
   0.0000000000000000       0.16785039450534212        0.0000000000000000     
   0.0000000000000000       0.12479997202627353        0.0000000000000000     
   0.0000000000000000        5.9298524945315692E-002   0.0000000000000000     
   0.0000000000000000       -1.6870493776786046E-002   0.0000000000000000     
   0.0000000000000000       -9.0004576956202689E-002   0.0000000000000000     
   0.0000000000000000      -0.14694719038832696        0.0000000000000000     
   0.0000000000000000      -0.17745458165636063        0.0000000000000000     
   0.0000000000000000      -0.17603859094121421        0.0000000000000000     
   0.0000000000000000      -0.14295394940881381        0.0000000000000000     
   0.0000000000000000       -8.4152454074243974E-002   0.0000000000000000     
   0.0000000000000000       -1.0212262904610480E-002   0.0000000000000000     
   0.0000000000000000        6.5565074235409151E-002   0.0000000000000000     
   0.0000000000000000       0.12954751213960225        0.0000000000000000     
   0.0000000000000000       0.17022486162961326        0.0000000000000000     
   0.0000000000000000       0.18027942736214814        0.0000000000000000     
   0.0000000000000000       0.15790243246845143        0.0000000000000000     
   0.0000000000000000       0.10711941040592624        0.0000000000000000     
   0.0000000000000000        3.7066027306324675E-002   0.0000000000000000     
   0.0000000000000000       -3.9655388465378777E-002   0.0000000000000000     
   0.0000000000000000      -0.10924295566661731        0.0000000000000000     
   0.0000000000000000      -0.15917814438224218        0.0000000000000000     
   0.0000000000000000      -0.18047781036829111        0.0000000000000000     
   0.0000000000000000      -0.16931022740479237        0.0000000000000000     
   0.0000000000000000      -0.12768439978707036        0.0000000000000000     
   0.0000000000000000       -6.3088650346821970E-002   0.0000000000000000     
   0.0000000000000000        1.2856499402092358E-002   0.0000000000000000     
   0.0000000000000000        8.6488815424491244E-002   0.0000000000000000     
   0.0000000000000000       0.14456213338497773        0.0000000000000000     
   0.0000000000000000       0.17662929156487980        0.0000000000000000     
   0.0000000000000000       0.17692153420631887        0.0000000000000000     
   0.0000000000000000       0.14538628800638353        0.0000000000000000     
   0.0000000000000000        8.7696619847751719E-002   0.0000000000000000     
   0.0000000000000000        1.4230674357183438E-002   0.0000000000000000     
   0.0000000000000000       -6.1795313534895466E-002   0.0000000000000000     
   0.0000000000000000      -0.12670456732897856        0.0000000000000000     
   0.0000000000000000      -0.16882016730977584        0.0000000000000000     
   0.0000000000000000      -0.18056568252189298        0.0000000000000000     
   0.0000000000000000      -0.15982814092929784        0.0000000000000000     
   0.0000000000000000      -0.11033814478228612        0.0000000000000000     
   0.0000000000000000       -4.0998749930982945E-002   0.0000000000000000     
   0.0000000000000000        3.5716158940094396E-002   0.0000000000000000     
   0.0000000000000000       0.10600587115423471        0.0000000000000000     
   0.0000000000000000       0.15722554366734537        0.0000000000000000     
   0.0000000000000000       0.18016095864730644        0.0000000000000000     
   0.0000000000000000       0.17068612505734718        0.0000000000000000     
   0.0000000000000000       0.13050552823166459        0.0000000000000000     
   0.0000000000000000        6.6847499661086884E-002   0.0000000000000000     
   0.0000000000000000       -8.8361314404744838E-003   0.0000000000000000     
   0.0000000000000000       -8.2930177214934536E-002   0.0000000000000000     
   0.0000000000000000      -0.14210540995873491        0.0000000000000000     
   0.0000000000000000      -0.17571643781334306        0.0000000000000000     
   0.0000000000000000      -0.17771676893259308        0.0000000000000000     
   0.0000000000000000      -0.14774655160785838        0.0000000000000000     
   0.0000000000000000       -9.1197310176499638E-002   0.0000000000000000     
   0.0000000000000000       -1.8242030978019644E-002   0.0000000000000000     
   0.0000000000000000        5.7994917916585953E-002   0.0000000000000000     
   0.0000000000000000       0.12379880895236681        0.0000000000000000     
   0.0000000000000000       0.16733178068947152        0.0000000000000000     
   0.0000000000000000       0.18076242256270120        0.0000000000000000     
   0.0000000000000000       0.16167461487091067        0.0000000000000000     
   0.0000000000000000       0.11350217921779632        0.0000000000000000     
   0.0000000000000000        4.4911147497606559E-002   0.0000000000000000     
   0.0000000000000000       -3.1759223191950674E-002   0.0000000000000000     
   0.0000000000000000      -0.10271623441801968        0.0000000000000000     
   0.0000000000000000      -0.15519499866622161        0.0000000000000000     
   0.0000000000000000      -0.17975479244853285        0.0000000000000000     
   0.0000000000000000      -0.17197740536416972        0.0000000000000000     
   0.0000000000000000      -0.13326195879060090        0.0000000000000000     
   0.0000000000000000       -7.0573209445186344E-002   0.0000000000000000     
   0.0000000000000000        4.8113829822651073E-003   0.0000000000000000     
   0.0000000000000000        7.9330426516154268E-002   0.0000000000000000     
   0.0000000000000000       0.13957823802590810        0.0000000000000000     
   0.0000000000000000       0.17471647294738912        0.0000000000000000     
   0.0000000000000000       0.17842390088382246        0.0000000000000000     
   0.0000000000000000       0.15003357011671675        0.0000000000000000     
   0.0000000000000000        9.4652789599425607E-002   0.0000000000000000     
   0.0000000000000000        2.2244344144142524E-002   0.0000000000000000     
   0.0000000000000000       -5.4165771419911878E-002   0.0000000000000000     
   0.0000000000000000      -0.12083167753436209        0.0000000000000000     
   0.0000000000000000      -0.16576043963374473        0.0000000000000000     
   0.0000000000000000      -0.18086954995104432        0.0000000000000000     
   0.0000000000000000      -0.16344093890708708        0.0000000000000000     
   0.0000000000000000      -0.11660994514796075        0.0000000000000000     
   0.0000000000000000       -4.8801280441995845E-002   0.0000000000000000     
   0.0000000000000000        2.7786542864872320E-002   0.0000000000000000     
   0.0000000000000000        9.9375676289587572E-002   0.0000000000000000     
   0.0000000000000000       0.15308751601797721        0.0000000000000000     
   0.0000000000000000       0.17925951312814772        0.0000000000000000     
   0.0000000000000000       0.17318342817532334        0.0000000000000000     
   0.0000000000000000       0.13595232496828691        0.0000000000000000     
   0.0000000000000000        7.4263932685060027E-002   0.0000000000000000     
